1.1774966274141345e-05
1.2996003509166372e-05
1.4299932401314077e-05
1.5668798628347844e-05
1.7134668622856218e-05
1.8730597702828388e-05
2.0637924898942724e-05
2.256218609678957e-05
2.4976305935143534e-05
2.8247424750697877e-05
3.1497991671085994e-05
3.9438386017691564e-05
7.583222208253171e-05
0.00016717849589861617
0.00038035443055091004
0.00022054365911037657
0.00020451499854077834
0.00016459497317712748
0.0001424281296599803
0.00013983505768428516
0.0001442525436204495
0.00014107504991764895
0.00013726069695730082
0.00013295626899955044
0.0001231046931009231
0.00012441133405629006
0.00012570457976750685
0.00012159469006757376
0.00012247392956133777
0.00011795624840321936
0.00011867825570683612
0.00011929696075726329
0.00012526669997513413
0.00012080343104876577
0.00012152762352421566
0.00012212751258620328
0.00012267749488763772
0.00012318241939627536
0.0001236362606837454
0.00012969749315405542
0.00012478049692923887
0.00013082656155595938
0.0001313429543030408
0.000131869326756256
0.000132319501726038
0.00013276356517071233
0.00013325951660257432
0.00013374750862133245
0.0001342234267878862
0.00013471056944405253
0.000135194627995963
0.0001356369496417895
0.0001361075084900878
0.00013654806164761383
0.00013699355849511853
0.0001435468805363259
0.0001440329961558179
0.00014447801114665767
0.00014496329518535293
0.00014540713450125284
0.0001458434422942846
0.00014629502670426722
0.00014670261076269554
0.00014712993102964153
0.00015417497519067423
0.00015462297361304979
0.0001550783653947533
0.00015549250866817425
0.00015587481219175013
0.000156243922358719
0.00015666007220886647
0.0001570899375428358
0.00015752444316002255
0.0001578931395978357
0.00015825378313319357
0.00016582877996284894
0.0001662635537526218
0.0001666734672188914
0.00016708031297869936
0.00016747209101119077
0.00016788613044656166
0.0001682827809743756
0.00016870685608349863
0.00016909595523731754
0.00017715656557709168
0.00017757319274385
0.00017799434760984483
0.0001784414484676906
0.00017884339655482038
0.00017920253517695115
0.00017958483396226347
0.00017997837647255055
0.0001886349422228419
0.0001890668598336187
0.00018947391539831174
0.00018986889065020047
0.00019026114573247765
0.00019063497668193993
0.00019101166618000536
0.00019136905823446718
0.00020060933943388614
0.00020105034060960658
0.0002014693166928534
0.00020185103129229654
0.00020220399328096876
0.0002025767700942651
0.00020293881777696605
0.00020331892152851267
0.00021310457512202475
0.00021344449385557026
0.00021381633108301585
0.00021423015184078817
0.0002146534547932993
0.00021499758030833763
0.00021534928069092413
0.00021574096309051111
0.00021605594589332912
0.0002264371206285501
0.00022682463152261194
0.00022717337591827486
0.00022748389095028344
0.00022784253138799116
0.00022822535541158566
0.00022860979073285417
0.00022896268357377764
0.00022933185366598633
0.00024031683576208684
0.00024060033413890895
0.0002409890125609474
0.00024141589298425694
0.00024172087139491292
0.00024198571852654833
0.0002423698640239515
0.00024276287885432218
0.0002431319749069716
0.00024344208151954043
0.0002550992207671784
0.0002554511453157636
0.0002558536488131439
0.00025623174448917543
0.0002565360348846974
0.00025682720006137404
0.0002571835516285797
0.0002575432735490712
0.00025785177770401086
0.0002702772681890123
0.0002706371023668641
0.00027089458319579806
0.0002712376404765726
0.0002715989195352632
0.0002718552095307369
0.0002721737825923772
0.00027252414059575033
0.0002728897800229579
0.0002730827338213049
0.0002863026763385625
0.00028666700339137285
0.0002870157223600264
0.00028731399083819207
0.00028767403426772914
0.0002880033073644534
0.0002882975871598718
0.00028857416519360727
0.0003025020685805387
0.0003028061899464494
0.00030312016166371777
0.0003034810388461648
0.00030373344688481966
0.0003040102541719143
0.0003043382517183311
0.00030466689715829095
0.00030491470123910724
0.00030518424713401525
0.0003054754615529773
0.00032024592935893284
0.0003205414232690289
0.0003208311342804953
0.0003211897685780791
0.00032148356962999434
0.0003218056107905165
0.0003220696205093189
0.0003223360307802452
0.0003226787689482926
0.00033830764094529747
0.0003385328849727456
0.00033877987857412447
0.00033913060852643615
0.0003394412850883764
0.0003397302746289539
0.0003400081848608752
0.0003402982259961997
0.0003405760476424079
0.00034088070550529557
0.0003573334257888741
0.0003576222418942646
0.00035795492222134124
0.0003582233979174729
0.0003585380004767786
0.0003588223896589172
0.0003591228276263036
0.00035943235253893833
0.00035965466412461673
0.00035993099473408287
0.0003773827571580158
0.0003776495077649278
0.0003778770124105344
0.0003781990077419267
0.0003785036565643526
0.00037872322375018995
0.0003790555985731813
0.00037934860504138077
0.00037953476108945123
0.0003979323610762882
0.00039827357310458184
0.0003985108481104875
0.0003988369004437864
0.00039907783160446434
0.00039939081695655564
0.00039961286602510366
0.00039988957653498117
0.0004001676811711921
0.0004004156468111168
0.000400712037720231
0.0004009395803905957
0.00042040151996254686
0.00042063938106818866
0.0004209401158866111
0.00042120773079871684
0.00042150300320941455
0.00042177457903461743
0.00042201405071245877
0.00042226790956331674
0.00042248797423527815
0.0004227949659639392
0.0004230672771463599
0.00044357199870386535
0.00044386151127682864
0.0004441147082891437
0.0004444120647113783
0.0004446757575554816
0.00044496095914695126
0.00044522986991137097
0.000445499389874285
0.00044577728910541036
0.00044605690380943453
0.00046771301016235677
0.0004680167333832831
0.00046827247352959086
0.0004685505085136656
0.000468776665709842
0.00046907513742020017
0.00046929588882602775
0.00046956576257168486
0.0004698137972765008
0.0004925961139824755
0.0004928674725419877
0.0004930821263406532
0.0004932980585428104
0.0004935746791448905
0.000493836124087241
0.0004940606260981534
0.0004943132308168032
0.0004944400100039343
0.0004947140439854802
0.0004949202284160567
0.0005189386664140141
0.0005191899733374774
0.000519433525909002
0.0005196862040459734
0.000519893502035849
0.0005201265787807406
0.0005203445260835152
0.0005205605018571951
0.0005457971709145571
0.0005460763810518741
0.0005462618531311987
0.0005465046245653854
0.0005467021548003887
0.0005468887429726689
0.0005471070252146379
0.0005472860594299485
0.0005738179265413102
0.0005740524448582609
0.0005742304609909
0.0005743976660222411
0.0005746102085774739
0.0005747533078006068
0.0005749512403718113
0.0005751403745741143
0.000575286181649891
0.0005754474098177165
0.0005755700253894792
0.0005757233552564115
0.0005758524779150009
0.0005759928169898881
0.0005761459481587815
0.0005763211528500078
0.0005764626535442779
0.0005766424907615106
0.0005767692399667361
0.0005769639324995102
0.0006048717840653857
0.0006050531408274226
0.0006052288122258896
0.0006053978960364473
0.0006055790941782479
0.000605732469601485
0.0006059119562905812
0.0006060455002464222
0.0006061717668600297
0.0006063455437338985
0.0006064704841849815
0.0006066494811893498
0.000606824610346795
0.000636229869433995
0.000636449751035632
0.0006365928263523723
0.0006368046745801896
0.0006369827933913244
0.0006371793922957951
0.0006373666883286953
0.0006375632354306178
0.0006685021204737569
0.000668692204431088
0.0006688809448686914
0.0006690540731795454
0.0006692533203301851
0.0006694570610873829
0.0006696365273672145
0.0006698182352623515
0.0006700170974974115
0.000670168989663235
0.0007026916286142024
0.0007028892918289652
0.00070304243324003
0.0007032480719753305
0.0007034452698047901
0.0007036043294385724
0.0007037839598359486
0.0007039720707806042
0.0007041654367028518
0.0007043308797548585
0.0007045465870757404
0.0007047208811735667
0.0007048762593147966
0.0007391444079171854
0.0007393478680754914
0.0007395053279202244
0.000739709489239943
0.0007399182149801001
0.0007400529284457502
0.000740254935548788
0.0007404465910470535
0.0007406440110825694
0.0007408370102557891
0.0007410147978467934
0.0007412212927441114
0.0007413798079731702
0.0007415464987698135
0.0007417341159769123
0.0007777498045365618
0.0007779394547090292
0.0007781462398149629
0.0007783257407954653
0.000778501096040207
0.0007786996649186023
0.0007789248737967966
0.0007790917101658674
0.0007792917098994885
0.0007794891535794114
0.0007797041929263342
0.0007798846120737073
0.0007800856857684268
0.0007802678271806805
0.0007804431231672479
0.0008183596702458353
0.0008185438407789819
0.0008187651713182293
0.0008189570094353963
0.0008191644945852906
0.0008193638662256582
0.0008195462458071458
0.0008197430942691627
0.0008199504626488742
0.0008201545025775522
0.0008203423389105034
0.0008205315961754955
0.0008206944660226176
0.0008208712530852016
0.0008210315793826668
0.0008212057729476601
0.0008213799589671911
0.0008215674112635069
0.0008217465058619162
0.0008219408362290848
0.0008221300306349393
0.0008620739968343939
0.0008622832400843446
0.0008624592891833702
0.0008626700778699844
0.0008628362918171458
0.0008630579798341867
0.0008632529789310251
0.0008634554138936412
0.000863652305381771
0.0008638283737985038
0.0008640235829267078
0.000864217489535826
0.000864369812980257
0.0008645503809934521
0.0008647509401988378
0.0008649264907959761
0.0008651094751066178
0.0008652901606312469
0.0008654731157699619
0.000865668207441064
0.0008658548030678287
0.0008660409762266297
0.0008662218879753825
0.0008664008148647174
0.0008666007699655979
0.0008668009879978147
0.0009089404365333879
0.0009091191548236985
0.000909311861921634
0.0009095129270240206
0.0009096903347065887
0.0009098579513849997
0.0009100286377567225
0.0009102116916229024
0.0009103993269289399
0.0009105946278284491
0.0009107979917797537
0.0009109651747736158
0.0009111776654738881
0.0009113586488723676
0.0009115466832619768
0.0009117416784936407
0.0009119584740220301
0.0009121766490963194
0.0009123568035833998
0.0009125785870241852
0.0009569801914718613
0.0009572041243198814
0.0009574115618619312
0.0009576362750380772
0.0009578566433025409
0.0009580762422697537
0.0009582908973519404
0.0009585167245301784
0.0009587323284254536
0.0009589506522828054
0.0009591509852436013
0.000959357137235312
0.0009595777490770885
0.0009598034421097601
0.0010065070767522975
0.0010067194836734196
0.0010069407575431484
0.0010071543476067603
0.001007353019701212
0.0010075384412384623
0.001007744796435504
0.0010079790215451005
0.0010081947958689354
0.0010084047259002699
0.001008621898197545
0.0010088159738533954
0.0010090346803815083
0.0010092335107017957
0.0010094517397484
0.00100965766005094
0.0010098857770560357
0.0010100966161463332
0.0010103153897043692
0.0010595075451973336
0.0010597503633559629
0.001059974886901996
0.0010601879316634707
0.0010604196517009239
0.001060649349349318
0.001060877585500402
0.0010610809355768359
0.0010612970974485394
0.00106152783661779
0.001061758003669936
0.0010619671313251253
0.0010621787897462883
0.0010623681598812813
0.0010625544630658455
0.0010627624145053648
0.001062974010551419
0.001063175730215124
0.0010633656633431338
0.0010635838058613868
0.0011153482360166129
0.001115554595571831
0.0011157714585804555
0.0011159847911711136
0.0011162105903385214
0.0011164343818308128
0.001116655724197863
0.0011168869375713243
0.0011170817673291113
0.0011172927493829365
0.0011175203010039532
0.001117748911279638
0.00111797860427144
0.001118213323750393
0.0011184501108939216
0.0011186899812759322
0.0011189176568817318
0.0011191113090801737
0.0011193398251872076
0.0011195616158280659
0.0011197812319562299
0.001120019826202728
0.0011202497801490782
0.0011204738744221674
0.0011206833545484415
0.001120895485406656
0.0011210905043721095
0.0011212819985895832
0.0011214745962180132
0.001121671732727216
0.0011218815716559799
0.001122078082295754
0.0011222614183126864
0.0011224472172629714
0.0011226464388271083
0.0011228510712407071
0.0011230392174261465
0.001123212310198104
0.0011233866837475743
0.0011235831121971709
0.0011237846852443375
0.0011239890434768874
0.0011241770347192224
0.0011243618979310311
0.0011245458981593121
0.0011247384768150511
0.0011249408900604473
0.0011251389608266332
0.0010732884213233342
0.001073468037238175
0.00107367216367358
0.0011259231895375894
0.0011261391731220616
0.0011263501742354543
0.0011265679955639338
0.0011268013325415212
0.0011270188872292122
0.0011272179848810656
0.0011274348563031912
0.0011276637422141147
0.001127874195442552
0.001128079137265717
0.0011282921394292179
0.001128494424509397
0.0011286949266918645
0.0011289073193892973
0.0011291444991188182
0.0011293722386360296
0.0011295485320457536
0.0011297406684076703
0.0011299413328479035
0.0011301233419967979
0.0011303141290501465
0.0011305005639445226
0.0011307085237911717
0.0011309237918807192
0.0011311113461215472
0.001131314802844209
0.0011315115618024672
0.00113169848034273
0.0011318562969779597
0.0011320475125943775
0.0011322559760043067
0.0011324473226870446
0.0011326334499418937
0.0011328368023760984
0.0011330457986251444
0.0011332396676220035
0.0011334256287291625
0.0011336296515332617
0.0011338563875282043
0.0011340685432729807
0.0011342704417359763
0.001134464473155086
0.001134644064944005
0.0011348699206189035
0.0011350650033836408
0.0011352878809690185
0.0011354813571464526
0.0011907620193124528
0.001190973173635559
0.0011911746163868913
0.001191405757228528
0.0011916154525563219
0.001191834427717074
0.0011920396418151425
0.0011922685182983238
0.0011924968730545702
0.001192728555678835
0.0011929136176304187
0.0011931224190644357
0.0011933389758459355
0.0011935408717105578
0.0011937583223853299
0.0011940011684075302
0.0011942087359655272
0.0011944248077662791
0.0011946353798327268
0.0011948491967636872
0.0011950818290912275
0.0011953053672231534
0.0011955517474381682
0.00119576847475137
0.0011959799232807906
0.001196192123598562
0.0011964043338961062
0.001196616739623228
0.0011968259404647322
0.0011970707165868254
0.0011972675249859387
0.0011974862047658566
0.0011977078234093523
0.0011979309306920291
0.001198139436803585
0.001198363420641913
0.0011985882477716027
0.0012569450208455887
0.0012571742749423792
0.0012574171556778728
0.0012576271550258503
0.0012578208049657633
0.0012580316255981253
0.0012582630489505029
0.0012584567760609885
0.001258679384234369
0.0012588915840425236
0.001259085488908069
0.0012593011551645938
0.0012595272202385159
0.0012597388969444036
0.0012599001461930694
0.0012601085207774247
0.0012020168439816484
0.0012021894728846132
0.001202385108496384
0.0012025944494415144
0.00120279731019437
0.0012029788794501155
0.0012615305484114765
0.001261744871815984
0.0012035851065845587
0.0012037736591254484
0.0012039770168917195
0.0012041968881960298
0.0012628324048337216
0.0012630624368248774
0.0012632530777560013
0.00126348313304652
0.001263738408606445
0.0012639633455774888
0.0012642019370265076
0.0012644481603359464
0.0012646916937349884
0.001264948476425767
0.0012651761339881628
0.0012654185946885815
0.0012656613573013764
0.0012659243825347177
0.001266178857054678
0.0012664320948608957
0.0013280909592839724
0.00132834822677511
0.001328592500331211
0.001328829666198545
0.001329065791061351
0.0013293098681738506
0.0013295609027107848
0.0013298020874521856
0.001330019184725642
0.0013302681663403904
0.0013305044706909148
0.0013307483961229167
0.0013309598767382042
0.0013311844518881996
0.0013314198928511603
0.0013316645683943333
0.0013319065134283015
0.0013321389692102811
0.001332377715351828
0.0013326052443514804
0.0013328410188987682
0.0013330551684017178
0.001333280061110212
0.0013334974310172986
0.0013337195536268587
0.0013339433190957036
0.0013341708136391085
0.0013343815524967386
0.0013346038314608565
0.0013348356931935548
0.0013350379870078171
0.001335225518010559
0.0013354366685607525
0.0013356555943260693
0.001335880371954967
0.0013360943408029357
0.0013363120921491389
0.0013365299050899814
0.0013367509235266807
0.0013369748423057361
0.0014020949385518515
0.0014023304041597114
0.0014025597168216065
0.0014028068136066273
0.0014030508182218118
0.0014033030007103054
0.0014035745515569688
0.0014038180808895098
0.0014040530635750764
0.0014043016827804669
0.0014045357088654043
0.0014047796470538787
0.0014050059001502015
0.001405244622988913
0.0014054813632227911
0.0014739512263801443
0.0014742077019185298
0.0014744464935589636
0.0014747336076169088
0.0014750047829859764
0.0014752586225801406
0.0014755082618216012
0.0014757458640884417
0.0014760061530269333
0.0014762834005294186
0.0014765514622758656
0.0014768234877419462
0.0014770643607159278
0.0014773139046048856
0.0014775539620390532
0.0014777946850574992
0.0014780365088224155
0.0014782915117208316
0.0014785515769398497
0.0014788042667994456
0.0014790528970868144
0.0014792921435038612
0.0014795309448474246
0.0014797754860574593
0.0014800281691447524
0.0014802860612274137
0.0015524206215059835
0.0015526888674246453
0.0015529589186175207
0.0015532274538050778
0.0015534924743962725
0.0015537641275157603
0.001554037162116897
0.0015542997916208523
0.0015545738789941354
0.0015548437197326584
0.0015551100129257863
0.0015553836799310319
0.0016311847179642071
0.0016314807688084982
0.0016317799247708093
0.0016320606090698994
0.0016323369553552579
0.0016326323926147647
0.0016329197575688792
0.0016332008438931461
0.0016334964239903677
0.0016337538820812723
0.0016340372489530427
0.001634305025305621
0.0016345605175814048
0.0016348235961773207
0.0016350675863818522
0.0016353229337025684
0.0016355719051129908
0.0016358568249475872
0.0017171730600065733
0.0017174658532357555
0.0017177530062246057
0.0017180465542809688
0.0017183061651725709
0.001718599508342311
0.0017188900367161807
0.0017191714344493812
0.0017194492982698865
0.001719714493028678
0.0017199933514572574
0.0017202746153313346
0.0017205539939418937
0.0017208524279043746
0.001721141813560668
0.0017214234428979554
0.0017217105600092445
0.00172199578754655
0.0017222727720007385
0.0017225632875018143
0.0018109828700076601
0.0018112826703788772
0.0018115592312602155
0.0018118596680263394
0.0018121502163376728
0.0018124393476920693
0.001812731303674374
0.001813005297073193
0.0018133165205317047
0.0018136205022295233
0.001813925277137159
0.001814215077958603
0.001814523391323175
0.0018148278458928278
0.0018151230461535236
0.0018154270408792998
0.0018157154358212425
0.0018160189005036755
0.0018163032988840987
0.0019119992425035092
0.001912307205252605
0.001912622935356976
0.0019129227101949183
0.001913226413551265
0.0019135133135560276
0.001913803396128572
0.0019140925491435766
0.0019144031944867059
0.0019146961926083627
0.001915008696605895
0.0019153057099017797
0.0019156118190115847
0.0019159172198360893
0.0019162278427788209
0.0019165351517513767
0.0019168313622787664
0.0019171320078874724
0.0019174286815386297
0.0019177245652630271
0.001918027319590069
0.0019183341198783818
0.0019186232849038828
0.0019189274920987003
0.0019192188802575273
0.001919531120729091
0.0019198162052410483
0.0019201239047124897
0.0020240088460073574
0.0020243309651120918
0.002024640967969578
0.002024947000873921
0.0020252574108594224
0.0020255811257475936
0.002025900167134936
0.0020262062471984436
0.002026520839946902
0.0020268376826622823
0.002027169280795742
0.002027486844056325
0.002027815107044113
0.0020281398169203543
0.00202847348657142
0.0020287971141247775
0.002029118429551154
0.0020294425919292268
0.002029761244863404
0.0020300845003484586
0.002030403931462436
0.002030725905204509
0.0020310425602136782
0.0020313677605607013
0.002031682041331619
0.00203199262453598
0.0020322891739889618
0.0020325911569718876
0.0020328981922074197
0.0020332063957508484
0.0020335145477384537
0.0020338212382830815
0.002146926501357448
0.0021472567126618
0.0021475753587071296
0.002147893853510029
0.0021482225814701914
0.002148544645060884
0.002148878092478988
0.0021491922526936857
0.0021495183381870144
0.0021498514333766817
0.0021501853053763746
0.0021505066855920397
0.002150861262277538
0.0021511803856964556
0.0021511803856964556
0.0021518344003324036
0.002152164119019705
0.0021524832641646625
0.0021528167611453643
0.002153145853029183
0.0021534870951091085
0.0021537962227766655
0.0021541246254779445
0.002277331259080517
0.002277681621148919
0.002278031727277813
0.002278377598823882
0.0022787119904714255
0.0022790597791072504
0.0022794162632498857
0.0022797360917603707
0.0022801081461849898
0.0022804526096197545
0.0022808118359873056
0.0022811494293416617
0.002281501743720806
0.002281834512666681
0.0022821770188974815
0.00228251958914678
0.0022828465455770977
0.00228318380054018
0.00228349718093352
0.0022838438253399655
0.002284169482695963
0.002284509102214414
0.0022848392987355804
0.0022851752392491027
0.002285523587752957
0.002285867970793892
0.0022862207133250677
0.0022865611396181602
0.0022869179419379502
0.002287254635819175
0.0022876041675878814
0.0022879314398298687
0.0022882751773361095
0.00228859716697288
0.0022889223793529727
0.0022892553212323814
0.0022895846667357576
0.0022899256362110642
0.0022902574091875844
0.002425140014628285
0.0024255064599033533
0.002425874414083068
0.0024262300948174166
0.002426596641625566
0.002426956908651318
0.0024273090200521256
0.0024276750006142975
0.002428016177435071
0.0024283784760738072
0.0024287291109256733
0.002429083443112614
0.0024294308025912923
0.002429774695440977
0.0024301373262486103
