0.0016130317169780165
0.0015921246465685915
0.0015519121273355756
0.0015836387690694976
0.001587942473011829
0.0016461235526355126
0.0016537243193792065
0.0015565895341582508
0.0013970949383194607
0.001140959749958571
0.0009123308871820259
0.0006708940928966581
0.000547298661499971
0.00036551036944617503
3.239103225296157e-05
1.2810710445119671e-05
9.525867323019912e-06
8.544802853016988e-06
8.42497228366467e-06
8.539046225759918e-06
8.395633386807783e-06
8.198742199728573e-06
7.7169775339239e-06
7.2566997732409015e-06
7.0680127296691575e-06
6.86635671442273e-06
6.6836230694723305e-06
6.484517850031599e-06
6.300323834107404e-06
6.1056393240293255e-06
5.9165338665900184e-06
5.745655052164858e-06
5.567005037398868e-06
5.586354026771368e-06
5.409548581760044e-06
5.236560517359311e-06
5.06960480924823e-06
5.0820422134415154e-06
4.919683025639328e-06
4.9312291194613735e-06
4.7750566934980365e-06
4.619020781981455e-06
4.629340482562865e-06
4.478231982549202e-06
4.485912873155202e-06
4.3390048379047396e-06
4.346807267440152e-06
4.205166858238162e-06
4.211241605495211e-06
4.217748446752395e-06
4.079475633791828e-06
4.085289795275902e-06
3.9513596042566565e-06
3.957360193801355e-06
3.961671279685351e-06
3.831259266893873e-06
3.836856611476434e-06
3.843321424904771e-06
3.848690156333273e-06
3.7206359550973115e-06
3.7257039176004133e-06
3.6022674090636893e-06
3.606837666886522e-06
3.6129095153533233e-06
3.6180685309160874e-06
3.6221041946593205e-06
3.5028654681461264e-06
3.507349303133179e-06
3.5134598069664794e-06
3.5182827758788743e-06
3.4017738977590396e-06
3.406460273816292e-06
3.4096760414936033e-06
3.415028094303791e-06
3.419990460303299e-06
3.307942918101261e-06
3.312012501647444e-06
3.3171953255540486e-06
3.320131679351538e-06
3.3260675382034937e-06
3.3303988666870947e-06
3.3349515447849427e-06
3.339899443405523e-06
3.344897583055188e-06
3.3488399887616197e-06
3.4741208981204423e-06
3.359395913923187e-06
3.364580603440292e-06
3.253550239365797e-06
3.259021363215745e-06
3.3820856245930566e-06
3.509131731173857e-06
3.5151697616445672e-06
3.3989605788633806e-06
3.4041783364005247e-06
3.40981837288211e-06
3.4147746183763295e-06
3.3025660559285283e-06
3.307739824143399e-06
3.313557211451472e-06
3.319238602197913e-06
3.3246977246274336e-06
3.3312964359663363e-06
3.3361169313180094e-06
3.3418128071258715e-06
3.347612730361242e-06
3.353207429780434e-06
3.359521607728135e-06
3.3654727603694504e-06
3.371526215393196e-06
3.3777194229746438e-06
3.383630177713625e-06
3.38967801122078e-06
3.517390246005875e-06
3.5234842737441454e-06
3.5288963241101494e-06
3.4121382548471625e-06
3.4168407607779897e-06
3.4227813556778427e-06
3.4298718582798412e-06
3.4352025049124988e-06
3.4412374680769853e-06
3.5693350677393807e-06
3.5751819049805182e-06
3.5814952397840375e-06
3.4613402111929207e-06
3.5927408773545043e-06
3.4717256207611043e-06
3.4757355020227397e-06
3.4807876048217034e-06
3.4846179330922383e-06
3.6146218960069367e-06
3.7496678567749968e-06
3.7556393337358984e-06
3.759821388023928e-06
3.7648085656415254e-06
3.7677969712053833e-06
3.772434859328051e-06
3.778784013210921e-06
3.7843300671258935e-06
3.7886966599351507e-06
3.7942728992296496e-06
3.667528849630751e-06
3.671365550851492e-06
3.6760043584208843e-06
3.6788023672988223e-06
3.683269909705187e-06
3.6876485853353323e-06
3.6903699864741255e-06
3.826737436914145e-06
4.110435713546047e-06
4.114381139250756e-06
4.118568445819263e-06
3.977180765596696e-06
4.123598612346123e-06
4.125344291337328e-06
3.986246573851166e-06
4.131898558904506e-06
4.133737362082673e-06
3.992639048516855e-06
4.1368641248292275e-06
4.139263886213729e-06
4.293055611777725e-06
4.144975514613693e-06
4.148341558547535e-06
4.005347886496408e-06
4.0058375367120265e-06
4.005871540727405e-06
4.008797592896906e-06
4.010172174185339e-06
4.155791442165638e-06
4.157703008824006e-06
4.158680994296716e-06
4.160484626834918e-06
4.467838461853356e-06
4.46853205495721e-06
4.4703450152781806e-06
4.4696939662777735e-06
4.313099002793109e-06
4.316007859099929e-06
4.3168393885237265e-06
4.316677389007994e-06
4.317527030146333e-06
4.166329868028381e-06
4.31886856954928e-06
4.319415996348738e-06
4.3183470661474575e-06
4.474627103787499e-06
4.472605157811788e-06
4.635704850687413e-06
4.6361304479592e-06
4.4742652214604205e-06
4.474255537588276e-06
4.473731300367487e-06
4.472896026856755e-06
4.635218723896907e-06
4.472755463679583e-06
4.634912857179289e-06
4.802759015319127e-06
4.802658080170213e-06
4.97706145834782e-06
5.1573851588258805e-06
4.977639695132799e-06
4.803370847215077e-06
4.636065652937928e-06
4.635832082174876e-06
4.805922145600575e-06
4.979936092104723e-06
5.1607173282046895e-06
5.162371554809975e-06
4.978819443043951e-06
4.806061471387804e-06
4.806351751754658e-06
4.9818145891763164e-06
5.162146817178393e-06
5.163309320144057e-06
5.163413077071101e-06
5.1631141179357936e-06
4.9824890015469744e-06
4.982681178602435e-06
4.984172597684774e-06
5.1633875624050215e-06
5.164341106540676e-06
5.164235029795818e-06
5.3524507088851125e-06
5.349381503021266e-06
5.350553010335311e-06
5.544103798739472e-06
5.744727850054887e-06
5.544164506965532e-06
5.542089494562054e-06
5.3492921533590755e-06
5.542533390392211e-06
5.743996194901915e-06
5.7421805671958935e-06
5.744183164646792e-06
5.744638111530067e-06
5.74499384909628e-06
5.745859772131284e-06
5.7451240708574325e-06
5.746607244140266e-06
5.953348829104492e-06
5.953666265993553e-06
5.953593312956697e-06
5.953481076977506e-06
5.952954862851753e-06
6.169989043264273e-06
6.171726100820758e-06
6.17313118206023e-06
5.9571438229756295e-06
5.748070257202717e-06
5.954463869269423e-06
5.953582858637945e-06
6.1679402266007715e-06
5.74261728251486e-06
5.740262425728162e-06
5.73757066422769e-06
5.734700872238146e-06
5.731529464470691e-06
5.9368849632447185e-06
5.525687178946604e-06
5.523226044428153e-06
5.518981769392312e-06
5.325078631445388e-06
5.322305900369648e-06
5.712552273313877e-06
5.709880817002011e-06
5.508220499510595e-06
5.505995523282626e-06
5.503642821451312e-06
5.309052369312691e-06
5.4993302170277e-06
5.497654642265728e-06
5.693781088714135e-06
5.493323463691526e-06
5.49125956695493e-06
5.2965321076811175e-06
5.295739104841374e-06
5.10857141096791e-06
4.928767032035588e-06
5.104934971286971e-06
5.103841257440997e-06
5.102858897073081e-06
5.101316060168093e-06
4.921095314660137e-06
4.920290640057081e-06
5.282396179622034e-06
5.094594243026325e-06
5.094193002604218e-06
5.279278085605181e-06
5.092502030765377e-06
5.093200270582468e-06
5.0916240657265985e-06
4.911726489311115e-06
4.912170495102448e-06
4.912961828714854e-06
4.911505983186147e-06
4.909515221952146e-06
4.907671121410454e-06
4.905414448844806e-06
4.905609191604213e-06
4.906747388794369e-06
5.083672197436952e-06
5.08402451976104e-06
5.086070154048248e-06
4.905614008291499e-06
4.903080419692971e-06
4.903534764380573e-06
5.081429735363434e-06
4.904760709889802e-06
4.735130178983651e-06
4.569158774880046e-06
4.7354518255890215e-06
4.7362235557319115e-06
4.9076924972706285e-06
4.73734900935624e-06
4.909399062250158e-06
4.910650292246222e-06
4.911647082627942e-06
4.913252773048665e-06
4.913526324033748e-06
5.0929801907343874e-06
5.094660532461189e-06
5.0965877849621415e-06
5.098628590231625e-06
5.285178700260548e-06
5.28778729965555e-06
5.4816921267501095e-06
5.483501911981567e-06
5.486007170362145e-06
5.687391754475234e-06
5.489766794589367e-06
5.492035916876313e-06
5.4944611684057544e-06
5.496506649790404e-06
5.4983293691469565e-06
5.499397417826681e-06
5.701283616476448e-06
5.504945434487477e-06
5.705975853063266e-06
5.707318641317559e-06
5.709470007555679e-06
5.919639711081806e-06
5.921339563616945e-06
5.9214305011139515e-06
5.9246817824714894e-06
6.142582866029146e-06
6.143522066958772e-06
6.146426571752636e-06
6.1503327104779854e-06
6.151364765524777e-06
5.938068974475525e-06
6.155399995081368e-06
6.15780193581159e-06
6.382477726849482e-06
6.384318686922884e-06
6.387245260694919e-06
6.620238421854338e-06
6.622551386325717e-06
6.86538494388413e-06
6.868554194107172e-06
6.630740275459103e-06
6.632167564592831e-06
6.39879252891115e-06
6.176112521442645e-06
6.176702735733191e-06
6.402003493677722e-06
6.402284032041253e-06
6.635267713104396e-06
6.8767952816028606e-06
7.1268024464645746e-06
6.878548163374536e-06
6.87911216869551e-06
6.638197252293509e-06
6.880695556766601e-06
7.133354294147512e-06
7.135382744632027e-06
7.137664984236855e-06
7.139419428970269e-06
7.400337089164292e-06
7.403083819195311e-06
7.405131723973554e-06
7.406602598060702e-06
7.408338292456943e-06
7.409539212635629e-06
7.67944967627424e-06
7.413056209479772e-06
7.416570178231007e-06
7.418064345746393e-06
7.4204568484161936e-06
7.691223495523136e-06
7.971545190476598e-06
7.693622441052675e-06
7.426985307769421e-06
7.429673043696019e-06
7.43349163363632e-06
7.43667772663003e-06
7.440568951119333e-06
7.714290801514333e-06
7.717997874054777e-06
7.451052306234612e-06
7.724854481562905e-06
7.729143370244569e-06
8.012853908778475e-06
8.01624469840611e-06
8.020392385849383e-06
8.022170256696747e-06
8.02630317399041e-06
8.028469350397059e-06
7.750756810449003e-06
8.037316177095842e-06
8.636798770600033e-06
8.64114628875745e-06
8.34265275933148e-06
8.054323399072658e-06
8.349688475398486e-06
8.3533909358809e-06
8.355415512453263e-06
8.065560026675576e-06
8.361318871092774e-06
8.669590802076647e-06
8.675283195100057e-06
8.676770145715941e-06
8.376682867375619e-06
8.683564666246884e-06
8.688071892762887e-06
8.389714253579984e-06
8.10026345961365e-06
8.396675786747195e-06
8.401133666815512e-06
8.402569310028208e-06
7.825877220705356e-06
7.830620734218652e-06
8.118948732290177e-06
8.123899012932197e-06
8.127888042004023e-06
8.130333785947861e-06
8.427555508377192e-06
8.429559102922283e-06
8.433379059159695e-06
8.14228821702218e-06
8.7466491626998e-06
8.444434076287141e-06
8.152330573786392e-06
8.45136357945822e-06
8.761794194320986e-06
9.083151810241833e-06
9.085243341774765e-06
9.087764342120591e-06
9.092746270695414e-06
8.779610821826116e-06
8.783245070567766e-06
8.785954180712578e-06
9.10746261315505e-06
9.784183667576695e-06
9.788509632980067e-06
9.118779808798325e-06
9.12227150063979e-06
9.797943446790028e-06
9.12801764723442e-06
9.130656567005297e-06
9.808476668611695e-06
1.016876137772519e-05
1.0172801495480096e-05
1.017593710055928e-05
9.823158930378324e-06
9.827369093500991e-06
1.0186831463489317e-05
9.833665349139213e-06
9.838513764167058e-06
9.840817550732075e-06
1.0572317487542148e-05
1.0574363903544884e-05
1.0207704459557412e-05
1.0211899413302356e-05
1.058736542439588e-05
1.0590914370384608e-05
1.0224953810776457e-05
1.0599582722863047e-05
1.0987486671825173e-05
1.0235019327250083e-05
9.880537593028118e-06
9.883850796746692e-06
1.0617199225086298e-05
1.1406423641152961e-05
1.0253835278782416e-05
1.0629620729587007e-05
1.063366609383883e-05
1.0265075914086755e-05
1.0268135679504445e-05
1.0273268106649413e-05
1.027507484269677e-05
1.02786750645382e-05
1.0654489740159772e-05
1.0283851732238105e-05
9.927272640569917e-06
1.06636548079936e-05
1.1456065100030972e-05
1.1876967031729344e-05
1.0675034089430794e-05
1.0677437640721547e-05
1.030745060375956e-05
1.0311028976851026e-05
1.0313911609450116e-05
1.068998634677334e-05
1.148419897489276e-05
1.1085542692297523e-05
1.0699783253299232e-05
1.0702902591212252e-05
1.0704646458060634e-05
1.0331912359643304e-05
9.970836277853911e-06
1.0709533732857429e-05
1.1098976560461004e-05
1.1503848276058647e-05
1.1506037365801948e-05
1.1925294419273475e-05
1.1927200895217055e-05
1.1928612069081704e-05
1.1930504451990951e-05
1.2364938464798147e-05
1.1935196000804488e-05
1.2371576414178487e-05
1.2824354899792163e-05
1.237570475623341e-05
1.1944879157100706e-05
1.28263607059651e-05
1.2380278948522452e-05
1.1950065231290986e-05
1.2388445312126082e-05
1.2843971461306268e-05
1.2399005078748702e-05
1.155053327030514e-05
1.2408404246736863e-05
1.2414681524225735e-05
1.1564710956865018e-05
1.1162234880780438e-05
1.1571526719556068e-05
1.1997686252492102e-05
1.078439031488123e-05
1.1178694294743346e-05
1.200935762558048e-05
1.1593569564774409e-05
1.1191035428452976e-05
1.1197760596526504e-05
1.160953096391385e-05
1.120655610562967e-05
1.0818700574275613e-05
1.12181577694936e-05
1.2054845466107831e-05
1.1231338614643962e-05
1.0843983604371364e-05
1.1242387372167102e-05
1.2079258232557807e-05
1.1252128848581252e-05
1.1256479924217282e-05
1.1261617823870825e-05
1.1675257060659721e-05
1.0877917953871689e-05
1.0881511247619031e-05
1.2114251614609498e-05
1.1696047729296628e-05
1.0514420613042068e-05
9.795678162267003e-06
1.1302201100081072e-05
1.0529919142623429e-05
9.80936540453631e-06
1.0169293184358263e-05
1.0544699097223805e-05
1.0550384441463632e-05
1.0555798510195348e-05
1.1341349568158437e-05
1.0566630068935184e-05
9.49922301544719e-06
8.850974270082789e-06
9.507650431269377e-06
1.0585756312387835e-05
1.0221373366064451e-05
9.867226452332101e-06
9.873052436811065e-06
1.0236718270961161e-05
1.0242876023916782e-05
9.88639042679888e-06
9.54278993306582e-06
9.895412594765336e-06
9.901515771830871e-06
9.559210998721524e-06
9.564362688106343e-06
9.568956404146906e-06
1.0282430890553387e-05
1.0662628213150307e-05
9.932557429184831e-06
9.937235342275981e-06
1.0678360089424526e-05
1.0309604441737043e-05
9.606167394640024e-06
9.957817835195914e-06
1.1086707449091921e-05
1.1090292393573497e-05
1.0706037761154513e-05
1.0337330953849395e-05
9.979725318299534e-06
9.982644114872935e-06
9.636587913023322e-06
9.9907678469728e-06
9.995695946531203e-06
1.0362662396528507e-05
1.036830991125846e-05
1.0748174028605884e-05
1.0378160546989687e-05
1.0384703297332836e-05
1.076513076341731e-05
1.0770054860580487e-05
1.0775773047520434e-05
1.1171980596750559e-05
1.0784151977804484e-05
1.0413494415063735e-05
1.0418238684143159e-05
1.0799526808333437e-05
1.0804620111861791e-05
1.043022628632258e-05
1.0813236802507151e-05
1.2039401610975688e-05
1.0823189451308854e-05
1.0448743416104991e-05
1.1224402197027549e-05
1.1229262014512167e-05
1.0843381349159217e-05
1.1647035282047395e-05
1.2514288720847444e-05
1.1251014583463471e-05
1.0861019778537764e-05
1.1670196806462762e-05
1.0871957395452484e-05
1.0127693610705633e-05
1.0879037160651338e-05
1.0883266927881988e-05
1.0506674197592793e-05
1.0511600921571653e-05
1.2569602750459427e-05
1.2133557111050101e-05
1.0526792269389602e-05
1.091121362822734e-05
1.1723283143142465e-05
1.0916605643371854e-05
1.0170408418472093e-05
1.0174385629621476e-05
1.0548031673135814e-05
1.0182275647286492e-05
1.018819474275655e-05
1.0563562798746087e-05
1.05683305672415e-05
1.0202317931361232e-05
1.020535836942865e-05
1.057959603216989e-05
1.0581962103531228e-05
1.0585732551624983e-05
1.0222413538487204e-05
9.521510466613997e-06
8.87335952712747e-06
9.199429129435223e-06
9.538871687191203e-06
1.1399456907041425e-05
1.1005940010800224e-05
1.0253141284109015e-05
9.897766949291878e-06
1.0262722502418829e-05
1.1424021423654159e-05
1.1842915798764383e-05
1.272010682846334e-05
1.185012128168039e-05
1.228204127734722e-05
1.1856127276515117e-05
1.1440712650754854e-05
1.1445602237409098e-05
1.1865073493291952e-05
1.320791979328478e-05
1.2746245538542462e-05
1.1874334182783378e-05
1.230968372624913e-05
1.2759410687990254e-05
1.3225591392834295e-05
1.3227533151107946e-05
1.3230415676014297e-05
1.276719700183789e-05
1.2772678201371745e-05
1.2774588692819239e-05
1.3239961776573186e-05
1.3241511610725304e-05
1.3244752103635368e-05
1.3249671879917042e-05
1.373513898497847e-05
1.37395888643639e-05
1.3743424624759152e-05
1.4245872375969232e-05
1.3752173066748005e-05
1.4256333615666289e-05
1.3760813038471279e-05
1.3764936164898742e-05
1.3768706610552111e-05
1.478987154218499e-05
1.5325815128393175e-05
1.42788366152325e-05
1.4278440580566606e-05
1.4284399918652655e-05
1.3301312077584224e-05
1.4290374303079903e-05
1.4295032468068559e-05
1.3797956490603313e-05
1.3318446755817223e-05
1.4307825550282837e-05
1.286084419322904e-05
1.1978294683681888e-05
1.2418824848491973e-05
1.3338106874820437e-05
1.2877240743944229e-05
1.288012632015129e-05
1.2430903662228725e-05
1.2434437629990951e-05
1.2436893508857893e-05
1.3846615258390528e-05
1.3368121031874852e-05
1.2453535062813528e-05
1.202046112509741e-05
1.2025894431858408e-05
1.2469225395988285e-05
1.2926425655792033e-05
1.439060076705869e-05
1.2937262752509181e-05
1.2051136648913693e-05
1.205314963150474e-05
1.2060400017966723e-05
1.3424059213645542e-05
1.3914304090492752e-05
1.206794302023084e-05
1.2071119448271964e-05
1.3436774537477322e-05
1.3929984386630845e-05
1.3440902423990664e-05
1.3935515469788874e-05
1.3940559258526163e-05
1.3942821127576966e-05
1.3944689194871997e-05
1.3460024577918551e-05
1.4980597542255657e-05
1.552590697279602e-05
1.4459846911409414e-05
1.4463338965918854e-05
1.6097555145919494e-05
1.4992030709153676e-05
1.499471896731624e-05
1.4997496265024389e-05
1.447496643210711e-05
1.5000967162598797e-05
1.5550083823805937e-05
1.6110695862603887e-05
1.500863033083198e-05
1.5011074438109972e-05
1.5012136770333592e-05
1.55568654435407e-05
1.5554939612123534e-05
1.6126552143032787e-05
1.5559710837099833e-05
1.5019950773891449e-05
1.6130887159252903e-05
1.6131223262299973e-05
1.502273586477832e-05
1.5569023876421273e-05
1.502527593120498e-05
1.6135736728791963e-05
1.7329080753001e-05
1.6723416630109246e-05
1.7330790210120295e-05
1.7331019619254335e-05
1.6139308470514427e-05
1.7960766317728245e-05
1.7332782356765e-05
1.7961230065034335e-05
1.733328474179965e-05
1.6140125909825255e-05
1.796243303804789e-05
1.7335262246914332e-05
1.614193155571799e-05
1.672304839134618e-05
1.733502154636681e-05
1.7334579867832232e-05
1.7960980623814915e-05
1.6728165372776677e-05
1.733227419072433e-05
1.6729635023592716e-05
1.7336927736055074e-05
1.79677068041653e-05
1.6733497639114792e-05
1.6733747676459774e-05
1.6149938255611965e-05
1.7970167458601902e-05
1.734234494582316e-05
1.734434509050233e-05
1.7973052326675872e-05
1.8628703283924517e-05
1.862605632935666e-05
1.7979940899062996e-05
1.9308425499795417e-05
1.7979661223421986e-05
1.93091970823359e-05
1.863420100739208e-05
1.930811136913179e-05
1.8636369910666272e-05
1.863686321225843e-05
1.8637867631440897e-05
1.7986216224558627e-05
1.931557345251264e-05
1.864286074512682e-05
1.9319454122858495e-05
1.8645084353720327e-05
1.9317856102051603e-05
1.9324459988494015e-05
2.002107291869611e-05
2.0026816160472106e-05
1.9326064341147696e-05
2.0026971471098147e-05
1.9326806945270347e-05
2.0028360250550628e-05
2.002917003793295e-05
2.0755434444189557e-05
2.0029588138751704e-05
2.1509460826824332e-05
2.0757272991197276e-05
2.1509558060408245e-05
2.0030496622423235e-05
2.151010096723672e-05
2.003200904401415e-05
2.075780526642079e-05
2.0033503525234562e-05
2.0759893286325886e-05
2.0035451042781053e-05
2.0764078865132046e-05
2.151806844844246e-05
2.1519187707993797e-05
2.1520787761539723e-05
2.0767419573041217e-05
2.0041388103894813e-05
2.0770624896382682e-05
2.152524561938635e-05
2.0044287237131266e-05
2.077088539751977e-05
2.0775964078760624e-05
2.231174854031497e-05
2.0047367141050417e-05
2.3123334531990446e-05
2.0053350369032502e-05
2.153292116901837e-05
1.9354625944092265e-05
2.0786957983262562e-05
2.07899286844759e-05
2.0060182512561387e-05
2.0062806169925387e-05
2.0064117133560948e-05
1.936371771000976e-05
2.006913202289883e-05
2.155342599457229e-05
2.080115656263111e-05
2.0801688346008204e-05
2.080450923423145e-05
2.315283660121346e-05
2.156275121933519e-05
2.156320125731913e-05
2.2347824197667846e-05
2.2346406090675683e-05
2.2352042002425876e-05
2.3166206731351098e-05
2.2352537982028153e-05
2.317033893126706e-05
2.317135802075631e-05
2.3173503831766096e-05
2.401570451212722e-05
2.401731924166733e-05
2.4019214718914667e-05
2.402094788395059e-05
2.489423905071454e-05
2.3178565079868193e-05
2.48959375531247e-05
2.4028188897197998e-05
2.4895133823037224e-05
2.4900793536582604e-05
2.4897648614981978e-05
2.4906344738037526e-05
2.3193117443171012e-05
2.319629853186829e-05
2.3194335741777304e-05
2.32005373069077e-05
2.239126148307225e-05
2.3205532516744133e-05
2.320829261507596e-05
2.320998558597444e-05
2.3209439112359535e-05
2.405746762643453e-05
2.4056712348812568e-05
2.4062000101853687e-05
2.240620153581485e-05
2.4936205229528697e-05
2.322258874567041e-05
2.40701326838141e-05
2.2412592458270643e-05
2.4948184872211797e-05
2.3229466695521086e-05
2.4947907874828897e-05
2.242369256119335e-05
2.5862632008953738e-05
2.4083064416596626e-05
2.324462970937297e-05
2.408674426812582e-05
2.4968344714149226e-05
2.325175417390493e-05
2.3254351885566493e-05
2.5882833112942227e-05
2.49737105255865e-05
2.6825605312227484e-05
2.4105331531137094e-05
2.780702270818732e-05
2.498630056947456e-05
2.6839669822484796e-05
2.590397655384483e-05
2.4997546109615552e-05
2.59090962643472e-05
2.3283650909452318e-05
2.5004797758954694e-05
2.2474039700305884e-05
2.5013624990873907e-05
2.247935839125063e-05
2.4141832979936944e-05
2.4144105442469336e-05
2.5936500210649e-05
2.5029829527835027e-05
2.5034861635162705e-05
2.7864165330553033e-05
2.5948088228545e-05
2.786844189056533e-05
2.4172522405714358e-05
2.888987371594474e-05
2.5054664863706527e-05
2.596745911735317e-05
2.4179467561213552e-05
2.597123425786179e-05
2.419010735787859e-05
2.5070557668909104e-05
2.6929118775631934e-05
2.5989249195110725e-05
2.7909454355315656e-05
2.508238999376678e-05
2.791740256028906e-05
2.6002983185458716e-05
2.600721292528449e-05
2.695456009418373e-05
2.510003473756889e-05
2.7937853646914248e-05
2.4227995204310112e-05
2.6023109487689028e-05
2.5113619165768903e-05
2.6031309211876666e-05
2.6978626442000905e-05
2.5125453895497055e-05
